98.288  0.386   13.219   1.270
255.068  1.179   49.145   4.597
208.904  0.532   18.005   1.985
528.864  1.836   75.639   9.897
307.419  1.136   52.234   5.907
138.283  1.085    9.027   1.832
418.883  2.390   41.676   4.865
247.439  1.356   31.244   2.728
19.478  0.115    1.739   0.125
537.540  2.591  104.584   9.685
605.507  2.789   82.296   8.727
174.765  0.933   21.990   2,239
946.766  4.004  125.351  10.077
296.490  1.513   43.232   4.477
645.690  2.540   75.581   7.037
288.975  1.416   42.037   3.507